Rg: 0.8550000000000001
B: 0.8
Pg: 0.81
Pt: 0.81
R: 0.8770000000000001
Rt: 0.9210000000000002
Gg: 0.9000000000000001
P: 0.8
O: 0.8800000000000001
G: 0.9270000000000002
Ot: 0.8570000000000001
Bt: 0.808
Bg: 0.8320000000000001
MT: 0.8
Gg: 0.9000000000000001
G: 0.8260000000000001
Bg: 0.8320000000000001
Bg: 0.8300000000000001
Gg: 0.9000000000000001
G: 0.8280000000000001
Gt: 0.9110000000000001
Bg: 0.8300000000000001
Ot: 0.9490000000000002
Og: 0.8400000000000001
Rt: 0.8490000000000001
R: 0.8810000000000001
Rt: 0.8490000000000001
B: 0.8
Bt: 0.808
Bg: 0.8320000000000001
Bg: 0.8300000000000001
Bt: 0.806
Bt: 0.806
Bg: 0.8300000000000001
Bt: 0.806
Bg: 0.8300000000000001
Lt: 0.8710000000000001
LG: 0.8530000000000001
Lt: 0.8710000000000001
Gg: 0.9000000000000001
Gt: 0.9150000000000001
Bg: 0.8320000000000001
PST: 0.8
PST: 0.8570000000000001
Olt: 0.8720000000000001
Olg: 0.9380000000000002
PlT: 0.8
Blt: 0.8
Blt: 0.8
Blt: 0.8
blg: 0.9350000000000002
Blt: 0.8
blWT: 0.8440000000000001
Gln: 0.9240000000000002
Glt: 0.9490000000000002
Glg: 0.9130000000000001
PlG: 0.9020000000000001
PlN: 0.9400000000000002
PlT: 0.9380000000000002
Bt: 0.8
Bt: 0.8
Bg: 0.8340000000000001
